6621
17346
41588
45546
75189
84662
88442
126411
145510
151846
155650
158095
163114
169031
187746
191341
202586
206987
221702
260761
273746
305272
318142
329888
363218
397717
407930
437259
452295
462007
577913
582544
582725
649015
667234
670494
737799
743704
777862
790737
827400
831302
835924
856272
856387
875615
894361
895718
898927
903600
936669
956009
965149
972149
990228
1032144
1034091
1057824
1070609
1073828
1111932
1112707
1136831
1162609
1220786
1251699
1272701
1304911
1342360
1348128
1354159
1393266
1401002
1404155
1420533
1434783
1440642
1465995
1480636
1482500
1523899
1524154
1534649
1536065
1540832
1561180
1583789
1591958
1598190
1611834
1612528
1630129
1661515
1666740
1689169
1746070
1746766
1775543
1795145
1806472
